[[2, 200, 0, 0, 0, 0], [4, 200, 0, 0, 0, 0], [6, 200, 0, 0, 0, 0], [8, 200, 0, 0, 0, 0], [10, 200, 0, 0, 0, 0], [12, 200, 0, 0, 0, 0], [14, 200, 0, 0, 0, 0], [16, 200, 0, 0, 0, 0], [18, 200, 0, 0, 0, 0], [20, 200, 0, 0, 0, 0]]
[[2, 200, 0, 0, 0, 0], [4, 200, 0, 0, 0, 0], [6, 200, 0, 0, 0, 0], [8, 200, 0, 0, 0, 0], [10, 200, 0, 0, 0, 0], [12, 200, 0, 0, 0, 0], [14, 200, 0, 0, 0, 0], [16, 200, 0, 0, 0, 0], [18, 200, 0, 0, 0, 0], [20, 200, 0, 0, 0, 0]]
[[2, 200, 0, 0, 0, 0], [4, 200, 0, 0, 0, 0], [6, 200, 0, 0, 0, 0], [8, 200, 0, 0, 0, 0], [10, 200, 0, 0, 0, 0], [12, 200, 0, 0, 0, 0], [14, 200, 0, 0, 0, 0], [16, 200, 0, 0, 0, 0], [18, 200, 0, 0, 0, 0], [20, 200, 0, 0, 0, 0]]
[[1, 300, 0, 0, 0, 0], [2, 300, 0, 0, 0, 0], [3, 300, 0, 0, 0, 0], [4, 300, 0, 0, 0, 0], [5, 300, 0, 0, 0, 0], [6, 300, 0, 0, 0, 0], [7, 300, 0, 0, 0, 0], [8, 300, 0, 0, 0, 0], [9, 300, 0, 0, 0, 0], [10, 300, 0, 0, 0, 0], [11, 300, 0, 0, 0, 0], [12, 300, 0, 0, 0, 0], [13, 300, 0, 0, 0, 0], [14, 300, 0, 0, 0, 0], [15, 300, 0, 0, 0, 0], [16, 300, 0, 0, 0, 0], [17, 300, 0, 0, 0, 0], [18, 300, 0, 0, 0, 0], [19, 300, 0, 0, 0, 0], [20, 300, 0, 0, 0, 0]]
[[1, 300, 0, 0, 0, 0], [2, 300, 0, 0, 0, 0], [3, 300, 0, 0, 0, 0], [4, 300, 0, 0, 0, 0], [5, 300, 0, 0, 0, 0], [6, 300, 0, 0, 0, 0], [7, 300, 0, 0, 0, 0], [8, 300, 0, 0, 0, 0], [9, 300, 0, 0, 0, 0], [10, 300, 0, 0, 0, 0], [11, 300, 0, 0, 0, 0], [12, 300, 0, 0, 0, 0], [13, 300, 0, 0, 0, 0], [14, 300, 0, 0, 0, 0], [15, 300, 0, 0, 0, 0], [16, 300, 0, 0, 0, 0], [17, 300, 0, 0, 0, 0], [18, 300, 0, 0, 0, 0], [19, 300, 0, 0, 0, 0], [20, 300, 0, 0, 0, 0]]
[[1, 300, 0, 0, 0, 0], [2, 300, 0, 0, 0, 0], [3, 300, 0, 0, 0, 0], [4, 300, 0, 0, 0, 0], [5, 300, 0, 0, 0, 0], [6, 300, 0, 0, 0, 0], [7, 300, 0, 0, 0, 0], [8, 300, 0, 0, 0, 0], [9, 300, 0, 0, 0, 0], [10, 300, 0, 0, 0, 0], [11, 300, 0, 0, 0, 0], [12, 300, 0, 0, 0, 0], [13, 300, 0, 0, 0, 0], [14, 300, 0, 0, 0, 0], [15, 300, 0, 0, 0, 0], [16, 300, 0, 0, 0, 0], [17, 300, 0, 0, 0, 0], [18, 300, 0, 0, 0, 0], [19, 300, 0, 0, 0, 0], [20, 300, 0, 0, 0, 0]]
[[5, 100, 0, 0, 0, 0], [10, 100, 0, 0, 0, 0], [15, 100, 0, 0, 0, 0], [20, 100, 0, 0, 0, 0]]
[[5, 100, 0, 0, 0, 0], [10, 100, 0, 0, 0, 0], [15, 100, 0, 0, 0, 0], [20, 100, 0, 0, 0, 0]]
[[5, 100, 0, 0, 0, 0], [10, 100, 0, 0, 0, 0], [15, 100, 0, 0, 0, 0], [20, 100, 0, 0, 0, 0]]
[[5, 100, 0, 0, 0, 0], [10, 100, 0, 0, 0, 0], [15, 100, 0, 0, 0, 0], [20, 100, 0, 0, 0, 0]]
