[[13, 400, 0, 984, 0, 0], [15, 200, 0, 984, 0, 0]]
[[6, 400, 0, 2024, 0, 0], [17, 200, 0, 984, 0, 0], [19, 200, 0, 432, 0, 0]]
[[5, 400, 0, 984, 0, 0], [7, 200, 0, 4992, 0, 0], [11, 200, 0, 984, 0, 0], [20, 400, 0, 576, 0, 0]]
[[1, 300, 0, 984, 0, 0], [4, 600, 0, 984, 0, 0], [15, 300, 0, 368, 0, 0], [18, 600, 0, 2024, 0, 0]]
[[2, 300, 0, 1480, 0, 0], [15, 1800, 0, 2976, 0, 0]]
[[3, 600, 0, 984, 0, 0], [8, 1500, 0, 2976, 0, 0]]
[[8, 100, 0, 224, 0, 0], [11, 100, 0, 2024, 0, 0]]
[[6, 100, 0, 2024, 0, 0], [12, 100, 0, 984, 0, 0]]
[[6, 100, 0, 288, 0, 0]]
[[11, 100, 0, 984, 0, 0]]
