[[1, 0, 0], [2, 0, 0], [3, 0, 0], [4, 0, 0], [5, 0, 0], [6, 0, 0], [7, 0, 0], [8, 0, 0], [9, 0, 0], [10, 0, 0], [11, 0, 0], [12, 0, 0], [13, 1, 984], [14, 0, 0], [15, 1, 984], [16, 0, 0], [17, 0, 0], [18, 0, 0], [19, 0, 0], [20, 0, 0]]
[[1, 0, 0], [2, 0, 0], [3, 1, 80], [4, 0, 0], [5, 0, 0], [6, 2, 2024], [7, 0, 0], [8, 0, 0], [9, 1, 984], [10, 0, 0], [11, 1, 32], [12, 0, 0], [13, 0, 0], [14, 0, 0], [15, 0, 0], [16, 0, 0], [17, 1, 984], [18, 1, 984], [19, 1, 432], [20, 1, 120]]
[[1, 0, 0], [2, 0, 0], [3, 0, 0], [4, 0, 0], [5, 1, 984], [6, 0, 0], [7, 5, 4992], [8, 1, 32], [9, 0, 0], [10, 2, 888], [11, 1, 984], [12, 1, 984], [13, 0, 0], [14, 0, 0], [15, 0, 0], [16, 0, 0], [17, 0, 0], [18, 0, 0], [19, 0, 0], [20, 1, 576]]
[[1, 1, 984], [2, 0, 0], [3, 0, 0], [4, 1, 984], [5, 1, 80], [6, 0, 0], [7, 0, 0], [8, 0, 0], [9, 0, 0], [10, 0, 0], [11, 0, 0], [12, 2, 64], [13, 1, 32], [14, 0, 0], [15, 1, 368], [16, 1, 984], [17, 1, 48], [18, 2, 2024], [19, 0, 0], [20, 0, 0]]
[[1, 0, 0], [2, 2, 1480], [3, 0, 0], [4, 0, 0], [5, 0, 0], [6, 0, 0], [7, 0, 0], [8, 0, 0], [9, 0, 0], [10, 0, 0], [11, 0, 0], [12, 1, 256], [13, 0, 0], [14, 2, 64], [15, 3, 2976], [16, 2, 2024], [17, 0, 0], [18, 0, 0], [19, 0, 0], [20, 0, 0]]
[[1, 0, 0], [2, 0, 0], [3, 1, 984], [4, 0, 0], [5, 0, 0], [6, 0, 0], [7, 0, 0], [8, 3, 2976], [9, 2, 1672], [10, 0, 0], [11, 0, 0], [12, 0, 0], [13, 0, 0], [14, 0, 0], [15, 0, 0], [16, 0, 0], [17, 0, 0], [18, 0, 0], [19, 0, 0], [20, 0, 0]]
[[1, 1, 984], [2, 2, 2024], [3, 2, 2024], [4, 0, 0], [5, 1, 984], [6, 0, 0], [7, 0, 0], [8, 1, 224], [9, 0, 0], [10, 0, 0], [11, 2, 2024], [12, 0, 0], [13, 2, 2024], [14, 0, 0], [15, 0, 0], [16, 0, 0], [17, 0, 0], [18, 0, 0], [19, 3, 2792], [20, 0, 0]]
[[1, 0, 0], [2, 0, 0], [3, 1, 984], [4, 0, 0], [5, 1, 984], [6, 2, 2024], [7, 0, 0], [8, 0, 0], [9, 0, 0], [10, 2, 64], [11, 0, 0], [12, 1, 984], [13, 0, 0], [14, 0, 0], [15, 0, 0], [16, 0, 0], [17, 0, 0], [18, 0, 0], [19, 0, 0], [20, 1, 984]]
[[1, 2, 2024], [2, 0, 0], [3, 0, 0], [4, 2, 2024], [5, 1, 984], [6, 1, 288], [7, 0, 0], [8, 0, 0], [9, 2, 2024], [10, 0, 0], [11, 0, 0], [12, 0, 0], [13, 0, 0], [14, 0, 0], [15, 0, 0], [16, 1, 984], [17, 3, 2976], [18, 2, 64], [19, 0, 0], [20, 2, 456]]
[[1, 1, 984], [2, 1, 984], [3, 0, 0], [4, 2, 2024], [5, 0, 0], [6, 0, 0], [7, 0, 0], [8, 0, 0], [9, 0, 0], [10, 1, 984], [11, 1, 984], [12, 0, 0], [13, 1, 984], [14, 3, 96], [15, 0, 0], [16, 1, 984], [17, 0, 0], [18, 0, 0], [19, 1, 984], [20, 0, 0]]
