[[1, 30.253728828384553], [2, 30.535590138934047], [3, 30.42094362247739], [4, 30.912324842977227], [5, 30.587168246059406]]
[[1, 30.222149307635085], [2, 30.098103689778156], [3, 30.84438485572679], [4, 30.88808214072502], [5, 30.22158745824296]]
[[1, 30.066369620387633], [2, 30.902383590778175], [3, 30.26147683601358], [4, 30.85862538134242], [5, 30.19960313361853]]
[[1, 20.197844678409986], [2, 20.79693037889588], [3, 20.782025003624145], [4, 20.440621774109513], [5, 20.407827003403987]]
[[1, 20.20824641030716], [2, 20.00761014675832], [3, 20.344070063178663], [4, 20.442357915192353], [5, 20.764439012427324]]
[[1, 20.5074350525081], [2, 20.513388734850288], [3, 20.972944787347643], [4, 20.671148036904448], [5, 20.439158218604693]]
[[1, 10.726165706968748], [2, 10.980666217551823], [3, 10.464757685691184], [4, 10.007912141327488], [5, 10.353938071227496]]
[[1, 10.387502235012168], [2, 10.710695706826366], [3, 10.74382006910329], [4, 10.867099033443246], [5, 10.118019370686591]]
[[1, 10.030545699547545], [2, 10.96824844983383], [3, 10.955940466879813], [4, 10.645692765877406], [5, 10.099350700638967]]
[[1, 10.837562448584745], [2, 10.529125628160452], [3, 10.415918808668286], [4, 10.002518531339204], [5, 10.535614949671977]]
